First fifty digits of Random Array are:
7561, 7442, 1292, 9703, 815, 99, 3291, 7542, 5640, 5388, 416, 5506, 8114, 4117, 5791, 9214, 9499, 6879, 8003, 1569, 1189, 6317, 5255, 1844, 229, 2802, 9042, 697, 4318, 2821, 9213, 2857, 3861, 6881, 6849, 3590, 2977, 9449, 3298, 7663, 6162, 8232, 3442, 3650, 2987, 4327, 9043, 683, 8764, 7144, 

 Last five digits are:
4327, 9043, 683, 8764, 7144, 
First fifty digits of Insertion Sort are:
99, 229, 416, 683, 697, 815, 1189, 1292, 1569, 1844, 2802, 2821, 2857, 2977, 2987, 3291, 3298, 3442, 3590, 3650, 3861, 4117, 4318, 4327, 5255, 5388, 5506, 5640, 5791, 6162, 6317, 6849, 6879, 6881, 7144, 7442, 7542, 7561, 7663, 8003, 8114, 8232, 8764, 9042, 9043, 9213, 9214, 9449, 9499, 9703, 

 Last five digits are:
9213, 9214, 9449, 9499, 9703, 
First fifty digits of Selection Sort are:
99, 229, 416, 683, 697, 815, 1189, 1292, 1569, 1844, 2802, 2821, 2857, 2977, 2987, 3291, 3298, 3442, 3590, 3650, 3861, 4117, 4318, 4327, 5255, 5388, 5506, 5640, 5791, 6162, 6317, 6849, 6879, 6881, 7144, 7442, 7542, 7561, 7663, 8003, 8114, 8232, 8764, 9042, 9043, 9213, 9214, 9449, 9499, 9703, 

 Last five digits are:
9213, 9214, 9449, 9499, 9703, 
First fifty digits of Heap Sort are:
99, 229, 416, 683, 697, 815, 1189, 1292, 1569, 1844, 2802, 2821, 2857, 2977, 2987, 3291, 3298, 3442, 3590, 3650, 3861, 4117, 4318, 4327, 5255, 5388, 5506, 5640, 5791, 6162, 6317, 6849, 6879, 6881, 7144, 7442, 7542, 7561, 7663, 8003, 8114, 8232, 8764, 9042, 9043, 9213, 9214, 9449, 9499, 9703, 

 Last five digits are:
9213, 9214, 9449, 9499, 9703, 
First fifty digits of Quick Sort are:
99, 229, 416, 683, 697, 815, 1189, 1292, 1569, 1844, 2802, 2821, 2857, 2977, 2987, 3291, 3298, 3442, 3590, 3650, 3861, 4117, 4318, 4327, 5255, 5388, 5506, 5640, 5791, 6162, 6317, 6849, 6879, 6881, 7144, 7442, 7542, 7561, 7663, 8003, 8114, 8232, 8764, 9042, 9043, 9213, 9214, 9449, 9499, 9703, 

 Last five digits are:
9213, 9214, 9449, 9499, 9703, 
At Size:50
 Insertion Sort  Work2487  Selection Sort  Work 1360 Heap Sort  Work 1193 Quick Sort  Work 632

First fifty digits of Random Array are:
2424, 3498, 210, 5156, 6692, 3056, 4636, 7422, 8171, 3125, 7123, 1446, 9116, 405, 6297, 3435, 8993, 2812, 609, 9843, 8910, 8292, 717, 4222, 643, 8943, 3745, 6424, 385, 3117, 5462, 9914, 5433, 5483, 1851, 3742, 9616, 632, 5030, 3373, 1807, 8213, 392, 7254, 5414, 777, 7295, 7950, 1201, 9886, 

 Last five digits are:
7930, 8280, 9317, 9508, 9575, 
First fifty digits of Insertion Sort are:
27, 31, 38, 97, 126, 127, 210, 256, 277, 297, 385, 392, 405, 414, 484, 524, 609, 628, 632, 643, 717, 777, 783, 813, 1039, 1089, 1093, 1149, 1201, 1295, 1366, 1446, 1482, 1509, 1528, 1561, 1643, 1683, 1771, 1774, 1797, 1807, 1851, 1938, 1961, 2022, 2024, 2052, 2066, 2070, 

 Last five digits are:
9843, 9869, 9886, 9908, 9914, 
First fifty digits of Selection Sort are:
27, 31, 38, 97, 126, 127, 210, 256, 277, 297, 385, 392, 405, 414, 484, 524, 609, 628, 632, 643, 717, 777, 783, 813, 1039, 1089, 1093, 1149, 1201, 1295, 1366, 1446, 1482, 1509, 1528, 1561, 1643, 1683, 1771, 1774, 1797, 1807, 1851, 1938, 1961, 2022, 2024, 2052, 2066, 2070, 

 Last five digits are:
9843, 9869, 9886, 9908, 9914, 
First fifty digits of Heap Sort are:
27, 31, 38, 97, 126, 127, 210, 256, 277, 297, 385, 392, 405, 414, 484, 524, 609, 628, 632, 643, 717, 777, 783, 813, 1039, 1089, 1093, 1149, 1201, 1295, 1366, 1446, 1482, 1509, 1528, 1561, 1643, 1683, 1771, 1774, 1797, 1807, 1851, 1938, 1961, 2022, 2024, 2052, 2066, 2070, 

 Last five digits are:
9843, 9869, 9886, 9908, 9914, 
First fifty digits of Quick Sort are:
27, 31, 38, 97, 126, 127, 210, 256, 277, 297, 385, 392, 405, 414, 484, 524, 609, 628, 632, 643, 717, 777, 783, 813, 1039, 1089, 1093, 1149, 1201, 1295, 1366, 1446, 1482, 1509, 1528, 1561, 1643, 1683, 1771, 1774, 1797, 1807, 1851, 1938, 1961, 2022, 2024, 2052, 2066, 2070, 

 Last five digits are:
9843, 9869, 9886, 9908, 9914, 
At Size:250
 Insertion Sort  Work55707  Selection Sort  Work 31869 Heap Sort  Work 8183 Quick Sort  Work 3843

First fifty digits of Random Array are:
5386, 794, 6155, 9688, 503, 9262, 83, 5679, 1224, 8875, 5980, 7403, 6437, 6236, 4914, 3271, 7740, 5885, 2179, 1304, 4882, 775, 1203, 4440, 8096, 4166, 3238, 6270, 9663, 5609, 5675, 1020, 5967, 758, 8136, 8469, 7568, 5127, 2047, 2313, 3076, 5093, 6784, 2958, 5788, 1535, 8265, 5132, 462, 6551, 

 Last five digits are:
1370, 9481, 5295, 4587, 2279, 
First fifty digits of Insertion Sort are:
12, 29, 37, 53, 63, 65, 69, 80, 83, 86, 105, 114, 115, 121, 126, 134, 137, 151, 168, 188, 197, 198, 200, 220, 223, 226, 235, 239, 294, 301, 324, 343, 352, 373, 385, 394, 404, 428, 441, 460, 462, 465, 472, 484, 488, 498, 503, 519, 533, 546, 

 Last five digits are:
9920, 9921, 9922, 9960, 9979, 
First fifty digits of Selection Sort are:
12, 29, 37, 53, 63, 65, 69, 80, 83, 86, 105, 114, 115, 121, 126, 134, 137, 151, 168, 188, 197, 198, 200, 220, 223, 226, 235, 239, 294, 301, 324, 343, 352, 373, 385, 394, 404, 428, 441, 460, 462, 465, 472, 484, 488, 498, 503, 519, 533, 546, 

 Last five digits are:
9920, 9921, 9922, 9960, 9979, 
First fifty digits of Heap Sort are:
12, 29, 37, 53, 63, 65, 69, 80, 83, 86, 105, 114, 115, 121, 126, 134, 137, 151, 168, 188, 197, 198, 200, 220, 223, 226, 235, 239, 294, 301, 324, 343, 352, 373, 385, 394, 404, 428, 441, 460, 462, 465, 472, 484, 488, 498, 503, 519, 533, 546, 

 Last five digits are:
9920, 9921, 9922, 9960, 9979, 
First fifty digits of Quick Sort are:
12, 29, 37, 53, 63, 65, 69, 80, 83, 86, 105, 114, 115, 121, 126, 134, 137, 151, 168, 188, 197, 198, 200, 220, 223, 226, 235, 239, 294, 301, 324, 343, 352, 373, 385, 394, 404, 428, 441, 460, 462, 465, 472, 484, 488, 498, 503, 519, 533, 546, 

 Last five digits are:
9920, 9921, 9922, 9960, 9979, 
At Size:1000
 Insertion Sort  Work1024473  Selection Sort  Work 502479 Heap Sort  Work 40488 Quick Sort  Work 18765

First fifty digits of Random Array are:
4946, 3083, 2939, 7925, 9191, 9300, 2515, 8676, 7453, 217, 9383, 4367, 762, 9721, 8006, 8340, 1250, 5449, 8792, 4349, 5653, 8807, 634, 8611, 8741, 7807, 7508, 5148, 8146, 4742, 8132, 1445, 3283, 5220, 4617, 5930, 6915, 5951, 3069, 8722, 1574, 4434, 6607, 6552, 1207, 8028, 4637, 8772, 5455, 1333, 

 Last five digits are:
4614, 6898, 7152, 8570, 4657, 
First fifty digits of Insertion Sort are:
2, 6, 10, 13, 13, 13, 16, 20, 22, 46, 47, 47, 55, 65, 68, 74, 74, 79, 81, 90, 90, 91, 108, 111, 116, 132, 139, 145, 148, 159, 160, 163, 165, 167, 191, 194, 197, 197, 200, 210, 212, 215, 217, 222, 225, 230, 231, 237, 237, 238, 

 Last five digits are:
9984, 9985, 9988, 9993, 9997, 
First fifty digits of Selection Sort are:
2, 6, 10, 13, 13, 13, 16, 20, 22, 46, 47, 47, 55, 65, 68, 74, 74, 79, 81, 90, 90, 91, 108, 111, 116, 132, 139, 145, 148, 159, 160, 163, 165, 167, 191, 194, 197, 197, 200, 210, 212, 215, 217, 222, 225, 230, 231, 237, 237, 238, 

 Last five digits are:
9984, 9985, 9988, 9993, 9997, 
First fifty digits of Heap Sort are:
2, 6, 10, 13, 13, 13, 16, 20, 22, 46, 47, 47, 55, 65, 68, 74, 74, 79, 81, 90, 90, 91, 108, 111, 116, 132, 139, 145, 148, 159, 160, 163, 165, 167, 191, 194, 197, 197, 200, 210, 212, 215, 217, 222, 225, 230, 231, 237, 237, 238, 

 Last five digits are:
9984, 9985, 9988, 9993, 9997, 
First fifty digits of Quick Sort are:
2, 6, 10, 13, 13, 13, 16, 20, 22, 46, 47, 47, 55, 65, 68, 74, 74, 79, 81, 90, 90, 91, 108, 111, 116, 132, 139, 145, 148, 159, 160, 163, 165, 167, 191, 194, 197, 197, 200, 210, 212, 215, 217, 222, 225, 230, 231, 237, 237, 238, 

 Last five digits are:
9984, 9985, 9988, 9993, 9997, 
At Size:2500
 Insertion Sort  Work6315933  Selection Sort  Work 3131232 Heap Sort  Work 114760 Quick Sort  Work 53250

First fifty digits of Random Array are:
7888, 9985, 537, 5847, 4030, 9099, 8725, 6071, 8051, 8706, 4690, 9592, 2116, 7531, 3596, 2897, 7463, 5708, 212, 9580, 5242, 1020, 8614, 341, 4047, 6041, 8906, 5601, 5733, 3093, 4646, 3321, 3266, 365, 9744, 9745, 2684, 3799, 208, 7898, 1607, 5592, 4196, 7184, 616, 7584, 1358, 3776, 4616, 5475, 

 Last five digits are:
4956, 2202, 8719, 4967, 9708, 
First fifty digits of Insertion Sort are:
5, 8, 10, 12, 12, 12, 15, 15, 15, 16, 22, 23, 27, 38, 40, 45, 49, 50, 55, 56, 60, 66, 69, 74, 75, 75, 76, 77, 78, 85, 87, 91, 93, 100, 109, 111, 113, 116, 120, 121, 124, 126, 130, 130, 132, 136, 137, 137, 138, 140, 

 Last five digits are:
9986, 9987, 9990, 9997, 10000, 
First fifty digits of Selection Sort are:
5, 8, 10, 12, 12, 12, 15, 15, 15, 16, 22, 23, 27, 38, 40, 45, 49, 50, 55, 56, 60, 66, 69, 74, 75, 75, 76, 77, 78, 85, 87, 91, 93, 100, 109, 111, 113, 116, 120, 121, 124, 126, 130, 130, 132, 136, 137, 137, 138, 140, 

 Last five digits are:
9986, 9987, 9990, 9997, 10000, 
First fifty digits of Heap Sort are:
5, 8, 10, 12, 12, 12, 15, 15, 15, 16, 22, 23, 27, 38, 40, 45, 49, 50, 55, 56, 60, 66, 69, 74, 75, 75, 76, 77, 78, 85, 87, 91, 93, 100, 109, 111, 113, 116, 120, 121, 124, 126, 130, 130, 132, 136, 137, 137, 138, 140, 

 Last five digits are:
9986, 9987, 9990, 9997, 10000, 
First fifty digits of Quick Sort are:
5, 8, 10, 12, 12, 12, 15, 15, 15, 16, 22, 23, 27, 38, 40, 45, 49, 50, 55, 56, 60, 66, 69, 74, 75, 75, 76, 77, 78, 85, 87, 91, 93, 100, 109, 111, 113, 116, 120, 121, 124, 126, 130, 130, 132, 136, 137, 137, 138, 140, 

 Last five digits are:
9986, 9987, 9990, 9997, 10000, 
At Size:5000
 Insertion Sort  Work25074497  Selection Sort  Work 12512479 Heap Sort  Work 249488 Quick Sort  Work 113905

